001137
000345
000774
000593
001002
001024
001285
000649
000282
000037
001150
001124
001185
000718
000968
001216
000494
001015
000945
000446
000193
000746
000733
000621
001131
000085
000064
000312
000213
001297
001039
000066
000002
000843
000659
000298
000227
000951
000299
000937
000547
000948
000859
000058
000422
001140
000873
001249
000822
000745
000609
000881
001271
000851
000848
001016
001100
000004
001208
000099
000073
000049
000158
001279
000063
001181
000515
001054
000844
001177
000934
000663
000841
000205
000911
000211
000267
000379
000168
000301
001061
001299
000818
001070
001305
001095
000695
000375
000061
000669
000325
000864
000174
000347
000748
000946
001274
001059
000253
000679
001041
000999
000794
000576
001094
000635
000825
000013
000627
000487
001201
000457
000916
000030
000109
000693
000183
000467
001164
001258
000970
000263
000858
000668
000526
000736
001146
000247
000367
000050
000773
000318
001163
001159
001306
001310
000571
001031
000461
000652
000444
001194
001156
000014
000250
000134
001301
000768
000823
000040
000891
000561
001200
001233
000119
001324
000793
000293
000143
001011
000834
000095
000017
001116
000653
000755
000705
000723
000738
001266
000364
000791
000048
000228
000956
000570
000116
000350
000276
001022
000369
001225
000129
000947
000800
000154
001168
000602
000210
001284
000534
000814
000846
001132
000257
000688
001056
000430
000900
000471
000833
000171
000567
001043
000798
001085
000895
001121
000979
000363
000311
000229
000234
001073
000716
001005
001119
001327
000754
000245
000780
000277
001052
000856
000871
000531
000472
000083
000274
000147
000096
000152
001158
000453
000057
000411
000388
000082
000655
000962
001086
000539
000381
000527
000309
000065
000418
000306
000469
000088
001007
000690
000686
000428
000605
001067
001025
001245
001045
000767
000728
001065
000540
000658
000549
000522
000978
000317
000117
000184
000631
000459
000804
000819
001048
000271
000358
000670
000145
000118
000239
000126
000115
001171
000497
000847
000462
000604
000223
000810
000938
000460
001001
001108
000826
001252
000981
000429
001277
001080
000707
000221
000265
000672
000752
000481
000384
000236
000125
000892
000238
000639
000914
000432
000489
000513
000114
000719
000643
000994
000712
000242
001207
000201
001312
000524
000198
000543
000028
001323
000331
000222
000869
000692
000842
000795
001078
000896
000052
001256
000292
000070
000443
000343
000504
000203
000204
000943
000886
000337
000146
000778
001051
000121
000196
000647
001182
000972
000750
000568
000585
000925
001295
000280
000741
000360
000969
000042
000087
000975
000877
000942
000998
000356
000697
000403
000208
000514
000401
000248
000758
001192
001282
000876
000764
000445
000865
000564
000149
000584
001019
001017
000308
001318
000018
000056
000232
000777
000328
001217
001219
000577
000383
001276
000929
000354
000029
001118
000006
000105
000486
000074
000275
001189
000612
000008
001093
000034
000949
000039
001138
000677
001198
000696
001230
000590
001243
000323
001032
000488
000413
000700
000854
000217
000101
000518
000578
000950
000031
000888
000256
000419
000035
000872
001147
001033
000991
001113
000884
001292
000235
000185
000404
001071
000340
000387
000990
000254
000953
000770
000241
000559
000357
000905
000068
000097
000108
000618
000982
000743
000279
000824
001058
000681
001196
001275
000760
000089
000054
000624
000987
001179
000338
000206
000177
000565
001134
000130
000952
001082
000136
000551
000288
000619
000852
001165
000321
001231
000501
000393
000372
000512
000424
001211
000977
000580
000626
000218
000451
000566
000165
000964
000407
000517
000572
001027
001106
000662
000102
000776
000160
000072
001062
000899
001091
000024
000304
000753
000594
000769
000464
000044
000007
000438
001313
000069
001187
000993
000161
000505
001290
000546
000258
001064
001228
001115
000674
001293
001269
001172
001247
000667
000641
000172
000503
000181
000726
000033
000437
001263
000989
000376
000959
000491
001090
000530
001104
000796
000290
000179
000868
000264
000327
000657
000442
001035
001136
000251
000342
000098
001166
000829
001049
000104
000402
000339
000427
000078
001014
000139
001152
000479
000175
000435
001072
000246
000414
000638
000904
001321
000396
000094
000805
000005
001316
001046
000586
001226
000079
000725
001296
000827
000103
001099
001205
000368
000278
000190
000544
001260
000997
000431
000919
001197
001030
001173
000454
001157
000164
001037
000077
000642
000828
000675
000702
000310
000797
000739
000123
001270
001170
001117
000857
000477
000180
001130
000958
000855
001109
001009
000199
001203
000676
000132
000441
001261
000878
000283
000408
000244
000322
001105
000932
